c PicoSAT SAT Solver Version 965
c Copyright (c) 2006 - 2014 Armin Biere JKU Linz
c x86_64-linux-gnu-gcc -g -O2 -ffile-prefix-map=/build/picosat-gXnVAd/picosat-965=. -fstack-protector-strong -Wformat -Werror=format-security
c
c using 2 as default phase
c
c parsing infile.cnf
c parsed header 'p cnf 11220 1018727'
c initialized 11220 variables
c found 1018727 non trivial clauses
c
c random number generator seed 0
c 
c  seconds     variables   original    learned     agility
c         level        used      conflicts    limit          MB
c 
c s   0.5   0.0 11220   0.0 902e3     0     0     0   0.0  56.2 
c 
c initial reduction limit 1000 clauses
c 
c +   0.5 631.1 11220   4.2 902e3   100   100  1100   3.6  56.4 
c R   0.5 631.1 11220   4.2 902e3   100   100  1100   3.6  56.4 
c +   0.5 473.4 11220  13.1 902e3   221   221  1210   3.9  56.5 
c +   0.6 479.8 11220  15.7 902e3   367   367  1331   2.8  56.7 
c R   0.6 480.6 11220  15.7 902e3   401   401  1331   3.7  56.7 
c +   0.6 418.8 11220  16.6 902e3   543   543  1464   3.4  56.9 
c +   0.6 368.3 11220  17.7 902e3   755   755  1610   3.6  57.2 
c +   0.7 371.3 11220  18.1 902e3  1011  1011  1771   3.7  57.6 
c R   0.7 382.2 11220  18.2 902e3  1201  1201  1771   3.9  57.9 
c +   0.7 385.9 11220  18.5 902e3  1320  1320  1948   5.1  58.1 
c +   0.7 386.1 11220  18.9 902e3  1693  1693  2142   3.4  58.7 
c +   0.8 369.3 11220  19.1 902e3  2144  2144  2356   2.7  59.3 
c +   0.9 358.0 11220  19.2 902e3  2689  1507  2591   3.5  57.9 
c R   1.0 340.3 11220  19.5 902e3  3212  2030  2591   3.0  58.8 
c +   1.0 335.5 11220  19.6 902e3  3348  2166  2850   3.2  59.1 
c +   1.2 331.6 11220  19.8 902e3  4145  1521  3135   3.7  57.7 
c +   1.3 330.6 11220  20.1 902e3  5109  2485  3448   4.7  59.3 
c +   1.5 331.5 11220  20.2 902e3  6275  1917  3792   3.7  58.0 
c +   1.8 328.1 11220  20.2 902e3  7685  3327  4171   4.3  61.0 
c R   1.8 327.4 11220  20.2 902e3  8051  3693  4171   4.6  61.9 
c 
c  seconds     variables   original    learned     agility
c         level        used      conflicts    limit          MB
c 
c +   2.1 331.3 11220  20.4 902e3  9391  2939  4588   4.2  59.8 
c +   2.4 332.2 11220  20.5 902e3 11455  2689  5046   4.2  59.0 
c +   2.8 328.3 11220  20.8 902e3 13952  2653  5550   2.7  58.5 
c +   3.4 329.7 11220  20.9 902e3 16973  2880  6105   4.0  58.7 
c R   3.9 334.2 11220  20.9 902e3 19281  5188  6105   4.2  64.4 
c +   4.2 332.9 11220  20.9 902e3 20628  3466  6715   4.1  59.2 
c +   5.0 335.8 11220  21.0 902e3 25050  4514  7386   3.6  61.4 
c +   6.0 326.7 11220  21.1 902e3 30400  6169  8124   3.4  63.6 
c +   7.3 331.2 11220  21.1 902e3 36873  4493  8936   2.9  60.1 
c +   8.9 321.7 11220  21.1 902e3 44705  7845  9829   4.2  67.1 
c R   8.9 321.6 11220  21.1 902e3 44953  8093  9829   3.8  67.7 
c +  10.7 329.0 11220  21.2 902e3 54181  7477 10811   3.3  66.3 
c +  13.2 328.1 11220  21.2 902e3 65646  8108 11892   4.0  65.4 
c +  15.9 329.0 11220  21.3 902e3 79518 10067 13081   3.5  70.2 
c +  19.7 336.3 11220  21.4 902e3 96303  7191 14389   2.9  62.6 
c R  21.3 336.4 11220  21.4 902e3 102e3 13619 14389   2.7  80.1 
c +  24.1 338.3 11220  21.4 902e3 116e3 13092 15827   3.2  74.2 
c +  29.2 338.1 11220  21.4 902e3 141e3 13890 17409   4.6  76.2 
c +  35.8 339.8 11220  21.5 902e3 170e3  8748 19149   4.4  62.8 
c +  44.9 339.3 11220  21.6 902e3 206e3 15933 21063   3.9  78.0 
c R  51.3 337.9 11220  21.6 902e3 231e3 19035 21063   4.3  85.2 
c +  55.7 337.8 11220  21.6 902e3 250e3 17309 23169   3.6  79.3 
c 
c  seconds     variables   original    learned     agility
c         level        used      conflicts    limit          MB
c 
c +  69.1 337.1 11220  21.7 902e3 303e3 11975 25485   5.3  66.0 
c +  86.1 339.4 11220  21.7 902e3 366e3 24682 28033   5.0  91.3 
c + 107.3 340.1 11220  21.8 902e3 443e3 17580 30836   3.7  73.3 
c R 128.8 339.7 11220  21.8 902e3 513e3 25298 30836   3.9  91.7 
c + 135.3 340.4 11220  21.8 902e3 537e3 18284 33919   5.0  74.4 
c + 168.3 339.0 11220  21.8 902e3 650e3 29351 37310   3.6  96.7 
c + 208.8 337.3 11220  21.9 902e3 786e3 35294 41041   4.4 112.1 
c + 259.0 338.5 11220  22.0 902e3 952e3 36305 45145   4.8 108.9 
c R 319.7 337.4 11220  22.1 902e3 112e4 32745 45145   4.0  99.4 
c + 326.9 337.2 11220  22.1 902e3 115e4 33034 49659   4.2  96.2 
c + 407.0 338.9 11220  22.1 902e3 139e4 26643 54624   4.3  78.5 
c + 504.5 338.6 11220  22.2 902e3 168e4 46178 60086   3.7 120.2 
c + 634.7 341.0 11220  22.3 902e3 204e4 39810 66094   4.7  99.2 
